image_width: 640
image_height: 480
camera_name: narrow_stereo/left
camera_matrix:
  rows: 3
  cols: 3
  data: [290.61398123,   0.,         283.83080098,
          0.,         290.50021017, 214.23310906,
          0.,           0.,           1.        ]

distortion_model: fisheye
distortion_coefficients:
  rows: 1
  cols: 4
  data: [ 0.02859501, 0.02726205, -0.08925161, 0.03057406]
  
rectification_matrix:
  rows: 3
  cols: 3
  data: [ 9.96661183e-01,  6.89455491e-02, -4.37378238e-02,
          -6.90446295e-02,  9.97613285e-01, -7.56929296e-04,
          4.35812471e-02,  3.77426389e-03,  9.99042757e-01]

projection_matrix:
  rows: 3
  cols: 4
  data: [226.03233413,   0.,         222.67364039,   0.,        
          0.,         226.03233413, 214.36605266,   0.,        
          0.,           0.,           1.,           0.        ]

        

