image_width: 640
image_height: 480
camera_name: narrow_stereo/right
camera_matrix:
  rows: 3
  cols: 3
  data: [292.67218495,   0.,         333.34714444,
          0.,         293.17351182, 235.47347051,
          0.,           0.,           1.        ]
        
distortion_model: fisheye
distortion_coefficients:
  rows: 1
  cols: 4
  data: [ 0.0259261, 0.02595003, -0.07468511, 0.01590838]
  
rectification_matrix:
  rows: 3
  cols: 3
  data: [ 9.96644343e-01,  6.59199210e-02, -4.85243945e-02,
          -6.58096302e-02,  9.97824697e-01,  3.86876439e-03,
          4.86738679e-02, -6.62409685e-04,  9.98814505e-01]
            
projection_matrix:
  rows: 3
  cols: 4
  data: [226.03233413,   0.,         437.42432712, -19.34818542,
          0.,         226.03233413, 214.36605266,   0.,        
          0.,           0.,           1.,           0.        ]
        
